9,277
9,276
9,275
9,274
9,273
9,272
9,271
9,270
9,269
9,268
9,267
9,266
9,265
9,264
9,263
9,262
9,261
9,260
9,259
9,258
9,257
9,256
9,255
9,254
9,253
9,252
9,251
9,250
9,249
9,248
9,247
9,246
9,245
9,244
9,243
9,242
9,241
9,240
9,239
9,238
9,237
9,236
9,235
9,234
9,233
9,232
9,231
9,230
9,229
9,228
9,227
9,226
9,225
9,224
9,223
9,222
9,218
9,201
9,200
9,199
9,198
9,197
9,196
9,195
9,194
9,193
9,192
9,191
9,190
9,189
9,188
9,187
9,186
9,185
9,184
9,183
9,182
9,181
9,180
9,179
9,178
9,177
9,176
9,175
9,174
9,173
9,172
9,171
9,170
9,169
9,168
9,167
9,166
9,165
9,164
9,163
9,160
9,140
9,139
9,138
9,137
9,136
9,135
9,134
9,133
9,132
9,131
9,130
9,129
9,128
9,92
9,87
9,5
9,4
9,3
9,2
9,1
9,0
8,4
8,3
5,4
5,3
5,2
4,3
4,2
4,1
4,0
3,6
3,5
3,4
3,3
3,2
3,1
3,0
2,3
2,2
2,1
2,0
1,3
1,2
1,1
1,0
0,794
0,452
0,243
0,9
0,1
0,811
0,300
0,810
0,299
0,298
0,807
0,297
0,806
0,296
0,803
0,295
0,294
0,488
0,293
0,487
0,292
0,486
0,291
0,290
0,484
0,289
0,483
0,288
0,482
0,287
0,286
9,278
9,279
9,281
9,282
9,284
9,285
9,287
9,289
9,290
9,292
9,293
9,295
9,297
9,298
9,300
9,301
9,303
9,304
9,306
9,308
9,309
9,311
9,312
9,314
9,316
9,317
9,319
9,320
9,322
9,323
9,325
9,327
9,328
9,330
9,331
9,333
9,335
9,336
9,338
9,339
9,341
9,342
9,344
9,346
9,347
9,349
9,350
9,352
9,354
9,355
9,357
9,358
9,360
9,362
9,363
9,365
9,366
9,368
9,369
9,371
9,373
9,374
9,376
9,377
9,379
9,381
9,382
9,384
9,385
9,387
9,388
9,390
9,392
9,393
9,395
9,396
9,398
9,400
9,401
9,403
9,404
9,406
9,407
9,409
9,411
9,432
9,434
9,435
9,437
9,439
9,440
9,442
9,443
9,445
9,447
9,448
9,450
9,451
9,453
9,454
9,456
9,458
9,459
9,461
9,462
9,464
9,466
9,467
9,469
9,470
9,472
9,473
9,475
9,477
9,478
9,480
9,481
9,483
9,485
9,486
9,488
9,489
9,491
9,492
9,494
9,496
9,497
9,499
9,500
9,512
9,514
9,515
9,517
9,518
9,520
9,521
9,523
9,525
9,526
9,528
9,529
9,531
9,533
9,534
9,536
9,537
9,539
9,541
9,542
9,544
9,545
9,547
9,548
9,550
9,552
9,553
9,555
10,0
10,2
10,4
10,5
10,7
10,8
10,21
10,23
10,26
10,28
10,29
10,31
10,32
10,34
10,36
10,37
10,39
10,40
10,42
10,43
10,45
11,1
11,2
11,4
11,5
12,3
12,5
12,6
13,3
14,3
14,5
14,8
15,3
16,3
16,4
85,1
85,2
85,4
85,6
85,7
85,9
85,10
85,12
85,14
85,15
85,17
85,18
85,20
85,21
85,23
85,25
85,26
85,28
85,29
85,31
85,33
85,34
85,36
85,37
85,39
85,40
85,42
85,44
85,45
85,47
85,48
85,50
85,52
85,53
85,55
85,56
85,58
85,59
85,61
85,63
85,64
85,66
85,67
85,69
85,71
85,72
85,74
85,75
85,77
85,79
85,80
85,82
85,83
85,85
85,86
85,88
85,90
85,91
85,93
85,94
85,96
85,98
85,99
85,101
85,102
85,104
85,105
85,107
85,109
85,110
85,112
85,113
85,115
85,117
85,118
85,120
85,121
85,123
85,124
85,126
85,128
85,129
85,131
85,132
85,134
85,136
85,137
85,139
85,140
85,142
85,144
85,145
85,147
85,148
85,150
85,151
85,153
85,155
85,156
85,158
85,159
85,161
85,163
85,164
85,166
85,167
85,169
85,170
85,172
85,174
85,175
85,177
85,178
85,180
85,182
85,183
85,185
85,186
85,188
85,189
85,191
85,193
85,194
85,196
85,197
85,199
85,201
85,202
85,204
85,205
85,207
85,209
85,210
85,212
85,213
85,215
85,216
85,218
85,220
85,221
85,223
85,224
85,226
85,228
85,229
85,231
85,232
85,234
85,235
85,237
85,239
85,240
85,242
85,243
85,245
85,247
85,248
85,250
85,251
85,253
85,254
85,256
85,258
85,259
85,261
85,262
85,264
85,266
85,267
85,269
85,270
85,272
85,273
85,275
85,277
85,278
85,280
85,281
85,283
85,285
85,286
85,288
85,289
85,291
85,293
85,294
85,296
85,297
85,299
85,300
85,302
85,304
85,305
85,307
85,308
85,310
85,312
85,313
85,315
85,316
85,318
85,319
85,321
85,323
85,324
85,326
85,327
85,329
85,331
85,332
85,334
85,335
85,337
85,338
85,340
85,342
85,343
85,345
85,346
85,348
85,350
85,351
85,353
85,354
85,356
85,358
85,359
85,361
85,362
85,364
85,365
85,367
85,369
85,370
85,372
85,373
85,375
85,377
85,378
85,380
85,381
85,383
85,384
85,386
85,388
85,389
85,391
85,392
85,448
85,450
85,451
85,453
85,454
85,456
85,457
85,459
85,461
85,462
85,464
85,465
85,467
85,469
85,470
85,472
85,473
85,475
85,476
85,478
85,480
85,481
85,483
85,484
85,486
85,488
85,489
85,491
85,492
85,494
85,496
85,497
85,499
85,500
85,502
85,503
85,505
85,507
85,508
85,510
85,511
85,513
85,515
85,516
85,518
85,519
85,521
85,522
85,524
85,526
85,527
85,529
85,530
85,532
85,534
85,535
85,537
85,538
85,540
85,541
85,543
85,545
85,546
85,548
85,549
85,551
85,553
85,554
85,556
85,557
85,559
85,561
85,562
85,564
85,565
85,567
85,568
85,570
85,572
85,573
85,575
85,576
85,578
85,580
85,581
85,583
85,584
85,586
85,587
85,589
85,591
85,592
85,594
85,595
85,597
85,599
85,600
85,602
85,603
85,605
85,606
85,608
85,610
85,611
85,613
85,614
85,616
85,618
85,619
85,621
85,622
85,624
85,625
85,627
85,629
85,630
85,632
85,633
85,635
85,637
85,638
85,640
85,641
85,643
85,645
85,646
85,648
85,649
85,651
85,652
85,654
85,656
85,657
85,659
85,660
85,662
85,664
85,665
85,667
85,668
85,670
85,671
85,673
85,675
85,676
85,678
85,679
85,681
85,683
85,684
85,686
85,687
85,689
85,690
85,692
85,694
85,695
85,697
85,698
85,700
85,702
85,703
85,705
85,706
85,708
85,710
85,711
85,713
85,714
85,716
85,717
85,719
85,721
85,722
85,724
85,725
85,727
85,729
85,730
85,732
85,733
85,735
85,736
85,738
85,740
85,741
85,743
85,744
85,746
85,748
85,749
85,751
85,752
85,754
85,755
85,757
85,759
85,760
85,762
85,763
85,765
85,767
85,768
85,770
85,771
85,773
85,775
85,776
85,778
85,779
85,781
85,782
85,784
85,786
85,787
85,789
85,790
85,792
85,794
85,795
85,797
85,798
85,800
85,801
85,803
85,805
85,806
85,808
85,809
85,811
85,813
85,814
85,816
85,817
85,819
85,820
85,822
85,824
85,825
85,827
85,828
85,830
85,832
85,833
85,835
85,836
85,838
85,839
85,841
85,843
85,844
85,846
85,847
85,849
85,851
85,852
85,854
85,855
85,857
85,859
85,860
85,862
85,863
85,865
85,866
85,868
85,870
85,871
85,873
85,874
85,876
85,878
85,879
85,881
85,882
85,884
85,885
85,887
85,889
85,890
85,892
85,893
85,895
85,897
85,898
85,900
85,901
85,903
85,904
85,906
85,908
85,909
85,911
85,912
85,914
85,916
85,917
85,919
85,920
85,922
85,924
85,925
85,927
85,928
85,930
85,931
85,933
85,935
85,936
85,938
85,939
85,941
85,943
85,944
85,946
85,947
85,949
85,950
85,952
85,954
85,955
85,957
85,958
85,960
85,962
85,963
85,965
85,966
85,968
85,969
85,971
85,973
85,974
85,976
85,977
85,979
85,981
85,982
85,984
85,985
85,987
85,988
85,990
85,992
85,993
85,995
85,996
85,998
85,1000
85,1001
85,1003
85,1004
85,1006
85,1008
85,1009
85,1011
85,1012
85,1014
85,1015
85,1017
85,1019
85,1020
85,1022
85,1023
85,1025
85,1027
85,1028
85,1030
85,1031
85,1033
85,1034
85,1036
85,1038
85,1039
85,1041
85,1042
85,1044
85,1046
85,1047
85,1049
85,1050
85,1052
85,1053
85,1055
85,1057
85,1058
85,1060
85,1061
85,1063
85,1065
85,1066
85,1068
85,1069
85,1071
85,1073
85,1074
85,1076
85,1077
85,1079
85,1080
85,1082
85,1084
85,1085
85,1087
85,1088
85,1090
85,1092
85,1093
85,1095
85,1096
85,1098
85,1099
85,1101
85,1103
85,1104
85,1106
85,1107
85,1109
85,1111
85,1112
85,1114
85,1115
85,1117
85,1118
85,1120
85,1122
85,1123
85,1125
85,1126
85,1128
85,1130
85,1131
85,1133
85,1134
85,1136
85,1137
85,1139
85,1141
85,1142
85,1144
85,1145
85,1147
85,1149
85,1150
85,1152
85,1153
85,1155
85,1157
85,1158
85,1160
85,1161
85,1163
85,1164
85,1166
85,1168
85,1169
85,1171
85,1172
85,1174
85,1176
85,1177
85,1179
85,1180
85,1182
85,1183
85,1185
85,1187
85,1188
85,1190
85,1191
85,1193
85,1195
85,1196
85,1198
85,1199
85,1201
85,1202
85,1204
85,1206
85,1207
85,1209
85,1210
85,1212
85,1214
85,1215
85,1217
85,1218
85,1220
85,1222
85,1223
85,1225
85,1226
85,1228
85,1229
85,1231
85,1233
85,1234
85,1236
85,1237
85,1239
85,1241
85,1242
85,1244
85,1245
85,1247
85,1248
85,1250
85,1252
85,1253
85,1255
85,1256
85,1258
85,1260
85,1261
85,1263
85,1264
85,1266
85,1267
85,1269
85,1271
85,1272
85,1274
85,1275
85,1277
85,1279
85,1280
85,1282
85,1283
85,1285
85,1287
85,1288
85,1290
85,1291
85,1293
85,1294
85,1296
85,1298
85,1299
85,1301
85,1302
85,1304
85,1306
85,1307
85,1309
85,1310
85,1312
85,1313
85,1315
85,1317
85,1318
85,1320
85,1321
85,1323
85,1325
85,1326
85,1328
85,1329
85,1331
85,1332
85,1334
85,1336
85,1337
85,1339
85,1340
85,1342
85,1344
85,1345
85,1347
85,1348
85,1350
85,1351
85,1353
85,1355
85,1356
85,1358
85,1359
85,1361
85,1363
85,1364
85,1366
85,1367
85,1369
85,1371
85,1372
85,1374
85,1375
85,1377
85,1378
85,1380
85,1382
85,1383
85,1385
85,1386
85,1388
85,1390
85,1391
85,1393
85,1394
85,1396
85,1397
85,1399
85,1401
85,1402
85,1404
85,1405
85,1407
85,1409
85,1410
85,1412
85,1413
85,1415
85,1416
85,1418
85,1420
85,1421
85,1423
85,1424
85,1426
85,1428
85,1429
85,1431
85,1432
85,1434
85,1436
85,1437
85,1439
85,1440
85,1442
85,1443
85,1445
85,1447
85,1448
85,1450
85,1451
85,1453
85,1455
85,1456
85,1458
85,1459
85,1461
85,1462
85,1464
85,1466
85,1467
85,1469
85,1470
85,1472
85,1474
85,1475
85,1477
85,1478
85,1480
85,1481
85,1483
85,1485
85,1486
85,1488
85,1489
85,1491
85,1493
85,1494
85,1496
85,1497
85,1499
85,1500
85,1502
85,1504
85,1505
85,1507
85,1508
85,1510
85,1512
85,1513
85,1515
85,1516
85,1518
85,1520
85,1521
85,1523
85,1524
85,1526
85,1527
85,1529
85,1531
85,1532
85,1534
85,1535
85,1537
85,1539
85,1540
85,1542
85,1543
85,1545
85,1546
85,1548
85,1550
85,1551
85,1553
85,1554
85,1556
85,1558
85,1559
85,1561
85,1562
85,1564
85,1565
85,1567
85,1569
85,1570
85,1572
85,1573
85,1575
85,1577
85,1578
85,1580
85,1581
85,1583
85,1585
85,1586
85,1588
85,1589
85,1591
85,1592
85,1594
85,1596
85,1597
85,1599
85,1600
85,1602
85,1604
85,1605
85,1607
85,1608
85,1610
85,1611
85,1613
85,1615
85,1616
85,1618
85,1619
85,1621
85,1623
85,1624
85,1626
85,1627
85,1629
85,1630
85,1632
85,1634
85,1635
85,1637
85,1638
85,1640
85,1642
85,1643
85,1645
85,1646
85,1648
85,1649
85,1651
85,1653
85,1654
85,1656
85,1657
85,1659
85,1661
85,1662
85,1664
85,1665
85,1667
85,1669
85,1670
85,1672
85,1673
85,1675
85,1676
85,1678
85,1680
85,1681
85,1683
85,1684
85,1686
85,1688
85,1689
85,1691
85,1692
85,1694
85,1695
85,1697
85,1699
85,1700
85,1702
85,1703
85,1705
85,1707
85,1708
85,1710
85,1711
85,1713
85,1714
85,1716
85,1718
85,1719
85,1721
85,1722
85,1724
85,1726
85,1727
85,1729
85,1730
85,1732
85,1734
85,1735
85,1737
85,1738
85,1740
85,1741
85,1743
85,1745
85,1746
85,1748
85,1749
85,1751
85,1753
85,1754
85,1756
85,1757
85,1759
85,1760
85,1762
85,1764
85,1765
85,1767
85,1768
85,1770
85,1772
85,1773
85,1775
85,1776
85,1778
85,1779
85,1781
85,1783
85,1784
85,1786
85,1787
85,1789
85,1791
85,1792
85,1794
85,1795
85,1797
85,1799
85,1800
85,1802
85,1803
85,1805
85,1806
85,1808
85,1810
85,1811
85,1813
85,1814
85,1816
85,1818
85,1819
85,1821
85,1822
85,1824
85,1825
85,1827
85,1829
85,1830
85,1832
85,1833
85,1835
85,1837
85,1838
85,1840
85,1841
85,1843
85,1844
85,1846
85,1848
85,1849
85,1851
85,1852
85,1854
85,1856
85,1857
85,1859
85,1860
85,1862
85,1863
85,1865
85,1867
85,1868
85,1870
85,1871
85,1873
85,1875
85,1876
85,1878
85,1879
85,1881
85,1883
85,1884
85,1886
85,1887
85,1889
85,1890
85,1892
85,1894
85,1895
85,1897
85,1898
85,1900
85,1902
85,1903
85,1905
85,1906
85,1908
85,1909
85,1911
85,1913
85,1914
85,1916
85,1917
85,1919
85,1921
85,1922
85,1924
85,1925
85,1927
85,1928
85,1930
85,1932
85,1933
85,1935
85,1936
85,1938
85,1940
85,1941
85,1943
85,1944
85,1946
85,1948
85,1949
85,1951
85,1952
85,1954
85,1955
85,1957
85,1959
85,1960
85,1962
85,1963
85,1965
85,1967
85,1968
85,1970
85,1971
85,1973
85,1974
85,1976
85,1978
85,1979
85,1981
85,1982
85,1984
85,1986
85,1987
85,1989
85,1990
85,1992
85,1993
85,1995
85,1997
85,1998
85,2000
85,2001
85,2003
85,2005
85,2006
85,2008
85,2009
85,2011
85,2012
85,2014
85,2016
85,2017
85,2019
85,2020
85,2022
85,2024
85,2025
85,2027
85,2028
85,2030
85,2032
85,2033
85,2035
85,2036
85,2038
85,2039
85,2041
85,2043
85,2044
85,2046
85,2047
85,2049
85,2051
85,2052
85,2054
85,2055
85,2057
85,2058
85,2060
85,2062
85,2063
85,2065
85,2066
85,2068
85,2070
85,2071
85,2073
85,2074
85,2076
85,2077
85,2079
85,2081
85,2082
85,2084
85,2085
85,2087
85,2089
85,2090
85,2092
85,2093
85,2095
85,2097
85,2098
85,2100
85,2101
85,2103
85,2104
85,2106
85,2108
85,2109
85,2111
85,2112
85,2114
85,2116
85,2117
85,2119
85,2120
85,2122
85,2123
85,2125
85,2127
85,2128
85,2130
85,2131
85,2133
85,2135
85,2136
85,2138
85,2139
85,2141
85,2142
85,2144
85,2146
85,2147
85,2149
85,2150
85,2152
85,2154
85,2155
85,2157
85,2158
85,2160
85,2161
85,2163
85,2165
85,2166
85,2168
85,2169
85,2171
85,2173
85,2174
85,2176
85,2177
85,2179
85,2181
85,2182
85,2184
85,2185
85,2187
85,2188
85,2190
85,2192
85,2193
85,2195
85,2196
85,2198
85,2200
85,2201
85,2203
85,2204
85,2206
85,2207
85,2209
85,2211
85,2212
85,2214
85,2215
85,2217
85,2219
85,2220
85,2222
85,2223
85,2225
85,2226
85,2228
85,2230
85,2231
85,2233
85,2234
85,2236
85,2238
85,2239
85,2241
85,2242
85,2244
85,2246
85,2247
85,2249
85,2250
85,2252
85,2253
85,2255
85,2257
85,2258
85,2260
85,2261
85,2263
85,2265
85,2266
85,2268
85,2269
85,2271
85,2272
85,2274
85,2276
85,2277
85,2279
85,2280
85,2282
85,2284
85,2285
85,2287
85,2288
85,2290
85,2291
85,2304
85,2306
85,2307
85,2309
85,2310
85,2312
85,2314
85,2315
85,2317
85,2318
85,2320
85,2322
85,2323
85,2325
85,2326
85,2328
85,2329
85,2331
85,2333
85,2334
85,2336
85,2337
85,2339
85,2341
85,2342
85,2344
85,2345
85,2347
85,2348
85,2369
85,2371
85,2372
85,2374
85,2375
85,2377
85,2379
85,2380
85,2382
85,2383
85,2385
85,2386
85,2388
85,2390
85,2391
85,2393
85,2394
85,2396
85,2398
85,2399
85,2401
85,2402
85,2404
85,2405
85,2407
85,2409
85,2410
85,2412
85,2413
85,2415
85,2417
85,2418
85,2420
85,2421
85,2423
85,2425
85,2426
85,2428
85,2429
85,2431
85,2432
85,2434
85,2436
85,2437
85,2439
85,2440
85,2442
85,2444
85,2445
85,2447
85,2448
85,2450
85,2451
85,2453
85,2455
85,2456
85,2458
85,2459
85,2461
85,2463
85,2464
85,2466
85,2467
85,2469
85,2470
85,2472
85,2474
85,2475
85,2477
85,2478
85,2480
85,2482
85,2483
85,2485
85,2486
85,2488
85,2490
85,2491
85,2493
85,2494
85,2496
85,2497
85,2499
85,2501
85,2502
85,2504
85,2505
85,2507
85,2509
85,2510
85,2512
85,2513
85,2515
85,2516
85,2518
85,2520
85,2521
85,2523
85,2524
85,2526
85,2528
85,2529
85,2531
85,2532
85,2534
85,2535
85,2537
85,2539
85,2540
85,2542
85,2543
85,2545
85,2547
85,2548
85,2550
85,2551
85,2553
85,2554
85,2556
85,2558
85,2559
85,2561
85,2562
85,2564
85,2566
85,2567
85,2569
85,2570
85,2624
85,2626
85,2627
85,2629
85,2630
85,2632
85,2633
85,2635
85,2637
85,2638
85,2640
85,2641
85,2643
85,2645
85,2646
85,2648
85,2649
85,2651
85,2652
85,2654
85,2656
85,2657
85,2659
85,2660
85,2662
85,2664
85,2665
85,2667
85,2668
85,2670
85,2671
85,2673
85,2675
85,2676
85,2678
85,2679
85,2681
85,2683
85,2684
85,2686
85,2687
85,2689
85,2753
85,2754
85,2756
85,2757
85,2759
85,2760
85,2762
85,2764
85,2765
85,2767
85,2768
85,2770
85,2772
85,2773
85,2775
85,2776
85,2778
85,2779
85,2781
85,2783
85,2784
85,2786
85,2787
85,2789
85,2791
85,2792
85,2794
85,2795
85,2797
85,2798
85,2800
85,2802
85,2803
85,2805
85,2806
85,2808
85,2810
85,2811
85,2813
85,2814
85,2816
85,2880
85,2882
85,2884
85,2885
85,2887
85,2888
85,2890
85,2892
85,2893
85,2895
85,2896
85,2898
85,2900
85,2901
85,2903
85,2904
85,2906
85,2907
85,2909
85,2911
85,2912
85,2914
85,2915
85,2917
85,2919
85,2920
85,2922
85,2923
85,2925
85,2926
85,2928
85,2930
85,2931
85,2933
85,2934
85,2936
85,2938
85,2939
85,2941
85,2942
85,2944
85,2945
85,2947
85,2949
85,2950
85,2952
86,0
86,2
86,4
86,5
86,7
86,8
86,10
86,12
86,13
86,15
86,16
86,18
86,19
86,21
86,23
86,24
86,26
86,27
86,29
86,31
86,32
86,34
86,35
86,37
86,38
86,40
86,42
86,43
86,45
86,46
86,48
86,50
86,51
86,53
86,54
86,56
86,57
86,59
86,61
86,62
86,64
86,65
86,67
86,69
86,70
86,72
86,73
86,75
86,77
86,78
86,80
86,81
86,83
86,84
86,86
86,88
86,89
86,91
86,92
86,94
86,96
86,97
86,99
86,100
86,102
86,103
86,105
86,107
86,108
86,110
86,111
86,113
86,115
86,116
86,118
86,119
86,121
86,122
86,124
86,126
86,127
86,129
86,130
86,132
86,134
86,135
86,137
86,138
86,140
86,141
86,143
86,145
86,146
86,148
86,149
86,151
86,153
86,154
86,156
86,157
86,159
86,161
86,162
86,164
86,165
86,167
86,168
86,170
86,172
86,173
86,175
86,176
86,178
86,180
86,181
86,183
86,184
86,186
86,187
86,189
86,191
86,192
86,194
86,195
86,197
86,199
86,200
86,202
86,203
86,205
86,206
86,208
86,210
86,211
86,213
86,214
86,216
86,218
86,219
86,221
86,222
86,224
86,226
86,227
86,229
86,230
86,232
86,233
86,235
86,237
86,238
86,240
86,241
86,243
86,245
86,246
86,248
86,249
86,251
86,252
86,254
86,256
86,257
86,259
86,260
86,262
86,264
86,265
86,267
86,268
86,270
86,271
86,273
86,275
86,276
86,278
86,279
86,281
86,283
86,284
86,286
86,287
86,321
86,322
86,324
86,326
86,327
86,329
86,330
86,332
86,334
86,335
86,337
86,338
86,340
86,342
86,343
86,345
86,346
86,348
86,349
86,351
86,353
86,354
86,356
86,357
86,359
86,361
86,362
86,364
86,365
86,367
86,368
86,370
86,372
86,373
86,375
86,376
86,378
86,380
86,381
86,383
86,384
86,386
86,387
86,389
86,391
86,392
86,394
86,395
86,397
86,399
86,400
86,402
86,403
86,405
86,407
86,408
86,410
86,411
86,413
86,414
86,448
86,450
86,451
86,453
86,454
86,456
86,458
86,459
86,461
86,462
86,464
86,465
86,467
86,469
86,470
86,472
86,473
86,475
86,477
86,478
86,480
86,481
86,483
86,484
86,486
86,488
86,489
86,491
86,492
86,494
86,496
86,497
86,499
86,500
86,502
86,503
86,505
86,507
86,508
86,510
86,511
86,513
86,515
86,516
86,576
86,577
87,1
87,3
87,4
87,6
87,7
87,9
87,10
87,12
87,14
87,15
87,17
87,18
87,16
87,13
87,11
87,8
87,5
87,2
87,0
86,517
86,514
86,512
86,509
86,506
86,504
86,501
86,498
86,495
86,493
86,490
86,487
86,485
86,482
86,479
86,476
86,474
86,471
86,468
86,466
86,463
86,460
86,457
86,455
86,452
86,449
86,421
86,412
86,409
86,406
86,404
86,401
86,398
86,396
86,393
86,390
86,388
86,385
86,382
86,379
86,377
86,374
86,371
86,369
86,366
86,363
86,360
86,358
86,355
86,352
86,350
86,347
86,344
86,341
86,339
86,336
86,333
86,331
86,328
86,325
86,323
86,320
86,285
86,282
86,280
86,277
86,274
86,272
86,269
86,266
86,263
86,261
86,258
86,255
86,253
86,250
86,247
86,244
86,242
86,239
86,236
86,234
86,231
86,228
86,225
86,223
86,220
86,217
86,215
86,212
86,209
86,207
86,204
86,201
86,198
86,196
86,193
86,190
86,188
86,185
86,182
86,179
86,177
86,174
86,171
86,169
86,166
86,163
86,160
86,158
86,155
86,152
86,150
86,147
86,144
86,142
86,139
86,136
86,133
86,131
86,128
86,125
86,123
86,120
86,117
86,114
86,112
86,109
86,106
86,104
86,101
86,98
86,95
86,93
86,90
86,87
86,85
86,82
86,79
86,76
86,74
86,71
86,68
86,66
86,63
86,60
86,58
86,55
86,52
86,49
86,47
86,44
86,41
86,39
86,36
86,33
86,30
86,28
86,25
86,22
86,20
86,17
86,14
86,11
86,9
86,6
86,3
86,1
85,2951
85,2948
85,2946
85,2943
85,2940
85,2937
85,2935
85,2932
85,2929
85,2927
85,2924
85,2921
85,2918
85,2916
85,2913
85,2910
85,2908
85,2905
85,2902
85,2899
85,2897
85,2894
85,2891
85,2889
85,2886
85,2883
85,2881
85,2815
85,2812
85,2809
85,2807
85,2804
85,2801
85,2799
85,2796
85,2793
85,2790
85,2788
85,2785
85,2782
85,2780
85,2777
85,2774
85,2771
85,2769
85,2766
85,2763
85,2761
85,2758
85,2755
85,2752
85,2688
85,2685
85,2682
85,2680
85,2677
85,2674
85,2672
85,2669
85,2666
85,2663
85,2661
85,2658
85,2655
85,2653
85,2650
85,2647
85,2644
85,2642
85,2639
85,2636
85,2634
85,2631
85,2628
85,2625
85,2571
85,2568
85,2565
85,2563
85,2560
85,2557
85,2555
85,2552
85,2549
85,2546
85,2544
85,2541
85,2538
85,2536
85,2533
85,2530
85,2527
85,2525
85,2522
85,2519
85,2517
85,2514
85,2511
85,2508
85,2506
85,2503
85,2500
85,2498
85,2495
85,2492
85,2489
85,2487
85,2484
85,2481
85,2479
85,2476
85,2473
85,2471
85,2468
85,2465
85,2462
85,2460
85,2457
85,2454
85,2452
85,2449
85,2446
85,2443
85,2441
85,2438
85,2435
85,2433
85,2430
85,2427
85,2424
85,2422
85,2419
85,2416
85,2414
85,2411
85,2408
85,2406
85,2403
85,2400
85,2397
85,2395
85,2392
85,2389
85,2387
85,2384
85,2381
85,2378
85,2376
85,2373
85,2370
85,2368
85,2346
85,2343
85,2340
85,2338
85,2335
85,2332
85,2330
85,2327
85,2324
85,2321
85,2319
85,2316
85,2313
85,2311
85,2308
85,2305
85,2292
85,2289
85,2286
85,2283
85,2281
85,2278
85,2275
85,2273
85,2270
85,2267
85,2264
85,2262
85,2259
85,2256
85,2254
85,2251
85,2248
85,2245
85,2243
85,2240
85,2237
85,2235
85,2232
85,2229
85,2227
85,2224
85,2221
85,2218
85,2216
85,2213
85,2210
85,2208
85,2205
85,2202
85,2199
85,2197
85,2194
85,2191
85,2189
85,2186
85,2183
85,2180
85,2178
85,2175
85,2172
85,2170
85,2167
85,2164
85,2162
85,2159
85,2156
85,2153
85,2151
85,2148
85,2145
85,2143
85,2140
85,2137
85,2134
85,2132
85,2129
85,2126
85,2124
85,2121
85,2118
85,2115
85,2113
85,2110
85,2107
85,2105
85,2102
85,2099
85,2096
85,2094
85,2091
85,2088
85,2086
85,2083
85,2080
85,2078
85,2075
85,2072
85,2069
85,2067
85,2064
85,2061
85,2059
85,2056
85,2053
85,2050
85,2048
85,2045
85,2042
85,2040
85,2037
85,2034
85,2031
85,2029
85,2026
85,2023
85,2021
85,2018
85,2015
85,2013
85,2010
85,2007
85,2004
85,2002
85,1999
85,1996
85,1994
85,1991
85,1988
85,1985
85,1983
85,1980
85,1977
85,1975
85,1972
85,1969
85,1966
85,1964
85,1961
85,1958
85,1956
85,1953
85,1950
85,1947
85,1945
85,1942
85,1939
85,1937
85,1934
85,1931
85,1929
85,1926
85,1923
85,1920
85,1918
85,1915
85,1912
85,1910
85,1907
85,1904
85,1901
85,1899
85,1896
85,1893
85,1891
85,1888
85,1885
85,1882
85,1880
85,1877
85,1874
85,1872
85,1869
85,1866
85,1864
85,1861
85,1858
85,1855
85,1853
85,1850
85,1847
85,1845
85,1842
85,1839
85,1836
85,1834
85,1831
85,1828
85,1826
85,1823
85,1820
85,1817
85,1815
85,1812
85,1809
85,1807
85,1804
85,1801
85,1798
85,1796
85,1793
85,1790
85,1788
85,1785
85,1782
85,1780
85,1777
85,1774
85,1771
85,1769
85,1766
85,1763
85,1761
85,1758
85,1755
85,1752
85,1750
85,1747
85,1744
85,1742
85,1739
85,1736
85,1733
85,1731
85,1728
85,1725
85,1723
85,1720
85,1717
85,1715
85,1712
85,1709
85,1706
85,1704
85,1701
85,1698
85,1696
85,1693
85,1690
85,1687
85,1685
85,1682
85,1679
85,1677
85,1674
85,1671
85,1668
85,1666
85,1663
85,1660
85,1658
85,1655
85,1652
85,1650
85,1647
85,1644
85,1641
85,1639
85,1636
85,1633
85,1631
85,1628
85,1625
85,1622
85,1620
85,1617
85,1614
85,1612
85,1609
85,1606
85,1603
85,1601
85,1598
85,1595
85,1593
85,1590
85,1587
85,1584
85,1582
85,1579
85,1576
85,1574
85,1571
85,1568
85,1566
85,1563
85,1560
85,1557
85,1555
85,1552
85,1549
85,1547
85,1544
85,1541
85,1538
85,1536
85,1533
85,1530
85,1528
85,1525
85,1522
85,1519
85,1517
85,1514
85,1511
85,1509
85,1506
85,1503
85,1501
85,1498
85,1495
85,1492
85,1490
85,1487
85,1484
85,1482
85,1479
85,1476
85,1473
85,1471
85,1468
85,1465
85,1463
85,1460
85,1457
85,1454
85,1452
85,1449
85,1446
85,1444
85,1441
85,1438
85,1435
85,1433
85,1430
85,1427
85,1425
85,1422
85,1419
85,1417
85,1414
85,1411
85,1408
85,1406
85,1403
85,1400
85,1398
85,1395
85,1392
85,1389
85,1387
85,1384
85,1381
85,1379
85,1376
85,1373
85,1370
85,1368
85,1365
85,1362
85,1360
85,1357
85,1354
85,1352
85,1349
85,1346
85,1343
85,1341
85,1338
85,1335
85,1333
85,1330
85,1327
85,1324
85,1322
85,1319
85,1316
85,1314
85,1311
85,1308
85,1305
85,1303
85,1300
85,1297
85,1295
85,1292
85,1289
85,1286
85,1284
85,1281
85,1278
85,1276
85,1273
85,1270
85,1268
85,1265
85,1262
85,1259
85,1257
85,1254
85,1251
85,1249
85,1246
85,1243
85,1240
85,1238
85,1235
85,1232
85,1230
85,1227
85,1224
85,1221
85,1219
85,1216
85,1213
85,1211
85,1208
85,1205
85,1203
85,1200
85,1197
85,1194
85,1192
85,1189
85,1186
85,1184
85,1181
85,1178
85,1175
85,1173
85,1170
85,1167
85,1165
85,1162
85,1159
85,1156
85,1154
85,1151
85,1148
85,1146
85,1143
85,1140
85,1138
85,1135
85,1132
85,1129
85,1127
85,1124
85,1121
85,1119
85,1116
85,1113
85,1110
85,1108
85,1105
85,1102
85,1100
85,1097
85,1094
85,1091
85,1089
85,1086
85,1083
85,1081
85,1078
85,1075
85,1072
85,1070
85,1067
85,1064
85,1062
85,1059
85,1056
85,1054
85,1051
85,1048
85,1045
85,1043
85,1040
85,1037
85,1035
85,1032
85,1029
85,1026
85,1024
85,1021
85,1018
85,1016
85,1013
85,1010
85,1007
85,1005
85,1002
85,999
85,997
85,994
85,991
85,989
85,986
85,983
85,980
85,978
85,975
85,972
85,970
85,967
85,964
85,961
85,959
85,956
85,953
85,951
85,948
85,945
85,942
85,940
85,937
85,934
85,932
85,929
85,926
85,923
85,921
85,918
85,915
85,913
85,910
85,907
85,905
85,902
85,899
85,896
85,894
85,891
85,888
85,886
85,883
85,880
85,877
85,875
85,872
85,869
85,867
85,864
85,861
85,858
85,856
85,853
85,850
85,848
85,845
85,842
85,840
85,837
85,834
85,831
85,829
85,826
85,823
85,821
85,818
85,815
85,812
85,810
85,807
85,804
85,802
85,799
85,796
85,793
85,791
85,788
85,785
85,783
85,780
85,777
85,774
85,772
85,769
85,766
85,764
85,761
85,758
85,756
85,753
85,750
85,747
85,745
85,742
85,739
85,737
85,734
85,731
85,728
85,726
85,723
85,720
85,718
85,715
85,712
85,709
85,707
85,704
85,701
85,699
85,696
85,693
85,691
85,688
85,685
85,682
85,680
85,677
85,674
85,672
85,669
85,666
85,663
85,661
85,658
85,655
85,653
85,650
85,647
85,644
85,642
85,639
85,636
85,634
85,631
85,628
85,626
85,623
85,620
85,617
85,615
85,612
85,609
85,607
85,604
85,601
85,598
85,596
85,593
85,590
85,588
85,585
85,582
85,579
85,577
85,574
85,571
85,569
85,566
85,563
85,560
85,558
85,555
85,552
85,550
85,547
85,544
85,542
85,539
85,536
85,533
85,531
85,528
85,525
85,523
85,520
85,517
85,514
85,512
85,509
85,506
85,504
85,501
85,498
85,495
85,493
85,490
85,487
85,485
85,482
85,479
85,477
85,474
85,471
85,468
85,466
85,463
85,460
85,458
85,455
85,452
85,449
85,393
85,390
85,387
85,385
85,382
85,379
85,376
85,374
85,371
85,368
85,366
85,363
85,360
85,357
85,355
85,352
85,349
85,347
85,344
85,341
85,339
85,336
85,333
85,330
85,328
85,325
85,322
85,320
85,317
85,314
85,311
85,309
85,306
85,303
85,301
85,298
85,295
85,292
85,290
85,287
85,284
85,282
85,279
85,276
85,274
85,271
85,268
85,265
85,263
85,260
85,257
85,255
85,252
85,249
85,246
85,244
85,241
85,238
85,236
85,233
85,230
85,227
85,225
85,222
85,219
85,217
85,214
85,211
85,208
85,206
85,203
85,200
85,198
85,195
85,192
85,190
85,187
85,184
85,181
85,179
85,176
85,173
85,171
85,168
85,165
85,162
85,160
85,157
85,154
85,152
85,149
85,146
85,143
85,141
85,138
85,135
85,133
85,130
85,127
85,125
85,122
85,119
85,116
85,114
85,111
85,108
85,106
85,103
85,100
85,97
85,95
85,92
85,89
85,87
85,84
85,81
85,78
85,76
85,73
85,70
85,68
85,65
85,62
85,60
85,57
85,54
85,51
85,49
85,46
85,43
85,41
85,38
85,35
85,32
85,30
85,27
85,24
85,22
85,19
85,16
85,13
85,11
85,8
85,5
85,3
85,0
16,2
14,7
14,4
13,2
12,4
12,2
11,3
11,0
10,44
10,41
10,38
10,35
10,33
10,30
10,27
10,25
10,9
10,6
10,3
10,1
9,554
9,551
9,549
9,546
9,543
9,540
9,538
9,535
9,532
9,530
9,527
9,524
9,522
9,519
9,516
9,513
9,501
9,498
9,495
9,493
9,490
9,487
9,484
9,482
9,479
9,476
9,474
9,471
9,468
9,465
9,463
9,460
9,457
9,455
9,452
9,449
9,446
9,444
9,441
9,438
9,436
9,433
9,410
9,408
9,405
9,402
9,399
9,397
9,394
9,391
9,389
9,386
9,383
9,380
9,378
9,375
9,372
9,370
9,367
9,364
9,361
9,359
9,356
9,353
9,351
9,348
9,345
9,343
9,340
9,337
9,334
9,332
9,329
9,326
9,324
9,321
9,318
9,315
9,313
9,310
9,307
9,305
9,302
9,299
9,296
9,294
9,291
9,288
9,286
9,283
9,280
0,480
0,285
0,479
0,284
0,478
0,283
0,282
0,476
0,281
0,475
0,280
0,820
0,279
0,278
0,472
0,277
0,471
0,276
0,470
0,275
0,274
0,468
0,273
0,467
0,272
0,466
0,271
0,270
0,464
0,269
0,463
0,268
0,462
0,267
0,266
0,460
0,265
0,459
0,264
0,458
0,263
0,262
0,261
0,260
0,827
0,259
0,802
0,258
0,451
0,257
0,256
0,826
0,255
0,799
0,254
0,798
0,253
0,252
0,825
0,251
0,797
0,250
0,315
0,249
0,248
0,824
0,247
0,796
0,246
0,311
0,245
0,244
0,823
0,242
0,793
0,241
0,307
0,240
0,239
0,816
0,238
0,791
0,237
0,817
0,236
0,235
0,812
0,234
0,788
0,233
0,813
0,232
0,231
0,808
0,230
0,787
0,229
0,809
0,228
0,227
0,804
0,226
0,783
0,225
0,805
0,224
0,223
0,822
0,222
0,779
0,221
0,801
0,220
0,800
0,219
0,218
0,217
0,821
0,216
0,775
0,215
0,795
0,214
0,213
0,792
0,212
0,789
0,211
0,790
0,210
0,209
0,771
0,208
0,785
0,207
0,786
0,206
0,205
0,784
0,204
0,781
0,203
0,782
0,202
0,201
0,780
0,200
0,777
0,199
0,778
0,198
0,197
0,776
0,196
0,773
0,195
0,774
0,194
0,193
0,772
0,192
0,769
0,63
0,770
0,62
0,61
0,768
0,60
0,819
0,59
0,510
0,58
0,57
0,508
0,56
0,818
0,55
0,506
0,54
0,53
0,504
0,52
0,815
0,51
0,502
0,50
0,49
0,48
0,47
0,46
0,45
0,814
0,6
0,0
0,5
0,304
0,303
0,306
0,305
0,302
0,12
0,10
0,8
0,11
0,2
0,4
0,3
0,7
